300712885821255680
300732794001305600
300713332921495552
301337298941902850
300850025850871808
300703608570265600
301161913327439872
300946151874625536
300768792240324609
300713184376016897
301143897499914241
300800222529998848
301013058472538112
301146309925167104
300956954610790400
300840919333236736
300728986785419265
300704786196615168
301458907493191680
301454738547949569
300987332037853184
301342286653042688
300968347485495297
300403636742270976
300115229310861312
300040856411447296
300031760866111488
300015560215916544
300003492926480385
299986629991493635
299982016575848449
299981576912109569
299899037375664128
299891259001163776
299806026067214337
299717453557137409
299659380062822400
299530305008717824
299527353200173056
299404729614733312
299404711730229248
299393114228006912
299348409725370368
299343854472163328
299336196579016704
299295204479991808
299245259228053507
299162545451847680
299158106557009920
298912428299800576
298789634526281728
298785722394107905
298772854412046338
298628176391847936
298588258529603585
298577481307406337
298541620285030400
298525544688005120
298525134002720768
298499912943939585
298491477225512960
298486583064154112
298480726003834881
298480421346353153
298470712128188417
298449195453521920
298448327773675520
298441979572936704
298433742878437377
298431456684933121
298393510514679808
298389693131792384
298291759010693121
298277423370362880
298275078867677184
298258338246975488
298258190766833665
298251612676300803
298210495574458368
298086578427920387
298074944854687744
300815493147787264
300663743988240384
301003992232783872
301005283952582656
300703043429736449
300714610359685121
301016348207755264
